9.2289		-6.0156
98.6371		31.8788
71.2893		10.5789
44.1454		-0.4173
18.5273		-14.2158
75.4055		22.1703
9.7931		-7.9683
33.5876		-11.8058
21.9252		-15.1045
79.2732		27.8173
0.7116		-3.5807
98.9272		29.8196
20.9215		-15.5975
48.6008		5.1118
17.7693		-11.4270
55.0976		3.8938
78.9952		25.3586
60.5945		0.8752
76.3893		19.7773
15.9859		-9.4560
83.0983		31.8666
94.9198		29.0224
78.4897		23.4352
81.2292		32.2231
2.4280		-3.6460
16.7433		-13.8412
61.2019		1.4293
61.3792		-0.2266
93.6107		36.9201
39.5090		-8.4169
56.2090		3.1592
6.9374		-4.8189
10.9642		-9.1037
0.4720		-4.5598
42.1448		1.7898
78.9893		26.0421
6.4774		-3.4651
21.3631		-16.9142
92.9428		37.2172
23.8910		-18.7821
33.2283		-17.7049
12.7307		-10.0741
18.5874		-15.0115
87.9660		34.6517
99.1773		32.2514
58.9829		1.5726
75.3623		15.5441
17.2524		-12.5194
95.4331		30.3859
9.4746		-6.4225
63.8389		1.6677
98.9881		29.6968
49.9372		6.1785
30.3424		-19.7435
43.7529		2.5438
89.2996		35.1758
14.5417		-9.7514
37.6836		-6.8688
62.9441		-0.2821
11.4007		-7.6862
94.3679		32.3736
80.7802		30.7184
34.7876		-13.5785
17.0912		-11.5146
28.9896		-18.8724
7.6750		-5.9386
75.9308		18.7403
91.7466		31.9978
47.4570		6.0089
82.5001		29.3565
78.0188		20.3588
1.9192		-2.2629
46.9846		3.4118
70.0885		4.3255
66.1053		2.1081
85.2818		33.2435
48.4515		6.9500
28.0092		-19.1356
25.4251		-21.2499
74.0027		16.5790
18.7244		-18.4076
35.8244		-7.5273
36.4247		-13.1674
80.3113		29.2168
99.5876		30.2663
55.4802		0.4964
38.8987		-9.2354
9.6471		-8.7785
32.9249		-16.6949
64.8322		-0.1179
52.4242		8.3567
75.0631		17.3581
67.2029		2.1240
81.7491		31.2888
66.9234		6.7273
13.3165		-6.5900
98.0504		26.7934
63.1927		3.1928
3.7225		-6.4054
38.9138		-3.3628
58.0369		5.2254
88.9597		32.1550
33.7806		-12.4038
18.9143		-12.7529
9.2452		-2.4278
55.1144		5.5733
76.7867		18.6636
98.4071		29.2164
85.2577		32.6861
17.2652		-11.4882
88.4332		34.2005
74.7657		14.0112
58.0077		4.4413
6.7624		-1.5326
70.8876		5.5024
35.5957		-11.6513
27.1234		-21.8262
4.6580		-5.3374
45.1455		6.1662
20.1447		-14.8257
70.0659		6.6958
33.4332		-14.0323
7.5347		-5.1234
46.0791		7.2510
24.6228		-19.3171
97.8271		26.9404
48.8504		5.8134
55.3154		2.5998
51.4445		8.3627
27.4277		-21.0408
8.7553		-3.7262
36.1605		-9.9502
52.9906		8.1548
7.8327		-6.8300
34.2435		-16.9672
63.6573		3.4800
44.3849		3.5301
20.0289		-18.0994
50.1481		5.6981
67.8613		3.9419
60.6529		1.4069
13.5322		-9.9066
7.0029		-6.9504
64.9942		3.2019
34.6423		-14.9952
63.5949		1.4665
93.0832		32.8347
66.5385		6.2233
67.7481		6.1977
48.8132		10.0430
99.0505		29.5306
69.7712		1.4985
12.6806		-9.4394
44.7424		4.9947
97.5772		26.4529
74.5398		16.2566
41.2538		-0.8288
62.5536		5.1754
42.9062		1.8692
69.1153		5.4837
96.4445		31.6878
47.0452		6.9837
50.1482		6.0966
11.9721		-5.7776
78.9245		22.4492
5.1842		-1.9542
57.7276		2.7371
63.0179		2.1875
57.9914		2.4827
91.0685		37.6710
59.9929		-1.3618
11.5191		-8.0728
87.7495		36.5953
89.1418		33.9975
48.7850		8.2936
93.5820		34.1782
72.5036		17.4800
70.1798		9.6011
32.9195		-15.9819
91.9902		32.8351
78.1809		25.4698
66.3003		2.2166
78.5463		26.6666
51.5852		7.6600
69.4827		8.7342
92.2593		31.0363
24.6910		-20.8955
48.8698		7.8294
58.0465		2.8021
32.6428		-17.6876
41.4807		1.1261
68.8405		2.4081
8.0043		-3.6923
60.0164		5.4063
35.7523		-12.9379
45.1085		7.6466
9.2021		-7.8725
34.3732		-15.4140
63.7982		6.2912
79.9621		26.8210
91.1203		32.1347
79.0756		21.9948
55.1634		1.9329
3.5460		-7.0605
8.1433		-11.1772
36.6031		-14.1340
99.1942		33.4612
23.0688		-20.4342
70.8118		10.5422
50.0632		9.5863
78.4940		21.2076
66.5492		3.9427
6.7501		-3.3454
34.8107		-15.7729
84.8701		33.5241
75.0462		19.1502
4.4796		-5.5887
45.2802		4.1572
40.6027		-0.1640
77.0053		19.8105
43.2123		1.2331
46.2871		3.9593
86.8733		32.1772
50.2049		7.3340
70.3777		11.0483
32.1086		-17.6189
82.8026		30.2300
1.4364		-4.0306
46.3948		5.1153
97.9856		30.2298
64.9628		0.1635
28.7972		-19.2579
45.2805		2.7767
10.1082		-6.2173
35.6203		-13.1084
53.5961		7.9900
54.4261		8.6248
1.2224		-6.5332
29.7327		-20.7633
69.3133		9.7595
58.8224		-2.5457
98.9882		30.6829
11.6508		-5.5881
32.1560		-14.5128
49.0173		5.6847
16.4510		-11.8617
43.5098		3.8289
93.1958		33.7046
3.4702		-2.3033
14.0439		-8.3522
32.5387		-15.6653
60.3859		2.5961
5.7390		-2.9681
87.1181		33.7162
13.5421		-6.2453
38.4320		-3.7259
32.0710		-17.6016
91.6953		31.5221
92.0578		32.1712
52.4002		8.2348
59.8218		3.5882
93.1909		31.2466
16.4953		-8.0815
23.7749		-17.7146
58.2900		5.8091
4.8576		-5.4806
54.0258		7.1728
66.3366		4.3346
52.0524		7.2621
44.7229		7.1621
45.0392		2.0634
34.1134		-16.6548
96.7544		33.9231
5.3692		-5.4664
25.5414		-18.3258
28.4472		-16.6147
24.9879		-22.5700
27.8682		-19.1248
92.1784		32.9045
48.4292		5.7857
37.6093		-10.0644
42.5228		2.0227
5.4650		-2.6671
1.5629		-4.1031
36.5780		-13.0488
60.2620		-0.7531
22.0777		-15.0482
48.7399		7.9932
58.2015		4.6825
24.8595		-19.6978
11.8320		-6.3589
88.4168		32.6570
15.2653		-9.4846
58.3233		3.3955
91.7687		34.7198
85.6486		34.0230
29.4803		-17.7780
10.5468		-7.0930
86.6316		31.8873
27.9566		-16.2956
