x1 x2 t
9.02 7.51 -1
19.11 14.19 -1
16.24 6.59 -1
13.07 6.84 -1
14.20 13.88 -1
11.29 10.41 -1
10.62 9.34 -1
11.56 9.12 -1
13.97 14.32 -1
16.59 3.57 -1
10.79 8.24 -1
11.21 5.45 -1
9.90 6.75 -1
12.21 6.36 -1
12.16 8.60 -1
8.87 15.14 -1
4.35 9.19 -1
9.08 9.32 -1
6.01 14.53 -1
15.02 4.41 -1
5.89 7.71 -1
19.65 11.49 -1
14.03 13.31 -1
15.11 17.24 -1
2.25 10.06 -1
12.15 5.00 -1
11.00 10.69 -1
6.43 15.29 -1
4.81 11.90 -1
7.10 14.73 -1
12.67 5.27 -1
20.45 5.71 -1
10.55 5.54 -1
11.47 8.06 -1
8.14 10.26 -1
6.70 9.68 -1
9.35 9.00 -1
13.49 8.51 -1
-1.28 6.54 -1
10.30 9.14 -1
16.38 7.53 -1
10.30 7.90 -1
10.51 10.16 -1
2.73 12.39 -1
11.66 10.85 -1
7.54 11.90 -1
5.46 12.61 -1
12.51 7.17 -1
6.66 3.35 -1
9.59 17.76 -1
16.16 11.92 -1
12.09 8.98 -1
9.99 7.56 -1
9.59 9.50 -1
13.72 7.01 -1
7.48 10.37 -1
8.87 12.02 -1
7.06 12.48 -1
11.28 7.36 -1
11.96 4.09 -1
13.41 9.14 -1
12.47 6.53 -1
9.30 11.48 -1
6.36 13.90 -1
10.91 13.92 -1
9.99 15.38 -1
4.92 11.66 -1
7.37 4.08 -1
8.08 9.84 -1
6.48 9.31 -1
5.24 2.66 -1
12.23 7.51 -1
12.40 13.37 -1
8.13 12.32 -1
12.22 13.67 -1
20.38 8.17 -1
2.57 8.09 -1
11.86 17.88 -1
7.68 13.93 -1
9.45 9.54 -1
7.10 11.32 -1
15.17 16.20 -1
10.61 5.96 -1
18.17 14.82 -1
11.62 1.32 -1
6.07 7.61 -1
6.88 14.35 -1
10.02 8.70 -1
8.32 5.69 -1
8.58 9.85 -1
9.11 6.65 -1
7.17 2.81 -1
21.71 6.09 -1
8.64 11.72 -1
7.00 4.26 -1
14.99 9.54 -1
8.27 3.24 -1
14.58 12.03 -1
3.96 14.35 -1
10.71 9.75 -1
27.25 -2.15 0
24.27 11.91 0
28.16 9.70 0
32.68 7.77 0
29.85 5.86 0
20.90 10.41 0
26.74 9.04 0
27.88 17.77 0
32.72 10.63 0
27.45 7.33 0
31.18 4.79 0
33.92 14.23 0
24.95 4.74 0
31.33 4.85 0
32.27 13.31 0
27.94 12.66 0
31.21 17.44 0
36.39 10.00 0
35.99 13.89 0
35.52 14.75 0
32.74 13.36 0
29.67 6.01 0
26.66 7.34 0
25.68 15.83 0
30.17 14.29 0
28.32 9.34 0
27.66 5.88 0
40.03 11.86 0
30.72 9.40 0
33.33 6.58 0
32.21 8.25 0
35.22 12.88 0
34.85 10.26 0
33.41 13.42 0
34.10 5.48 0
26.70 9.16 0
33.02 12.62 0
27.67 16.08 0
21.86 10.24 0
25.92 18.18 0
30.30 7.81 0
31.77 9.88 0
25.25 10.04 0
35.60 9.05 0
23.46 11.47 0
28.89 13.40 0
34.95 7.95 0
32.57 5.86 0
20.62 18.31 0
29.78 15.37 0
25.81 11.68 0
29.30 6.00 0
33.08 10.36 0
31.44 14.79 0
23.57 4.68 0
27.56 8.84 0
24.76 9.80 0
31.08 5.74 0
26.01 4.52 0
29.26 8.00 0
31.33 7.00 0
37.10 17.89 0
30.47 8.08 0
28.78 15.70 0
31.61 15.39 0
30.49 11.25 0
30.59 17.11 0
37.36 12.82 0
41.15 9.30 0
26.88 15.33 0
42.84 3.01 0
20.42 7.72 0
29.72 12.18 0
29.24 7.07 0
27.69 10.03 0
26.93 7.98 0
19.67 19.81 0
30.36 10.41 0
22.27 6.04 0
28.93 6.13 0
26.02 10.05 0
30.11 4.49 0
28.99 11.93 0
31.95 9.01 0
30.09 3.55 0
32.38 14.15 0
31.21 11.50 0
35.73 8.74 0
27.98 5.56 0
24.10 12.07 0
29.56 6.90 0
27.81 7.30 0
32.01 18.43 0
30.52 6.68 0
31.36 9.59 0
35.97 4.32 0
26.67 14.23 0
29.77 11.34 0
25.87 10.83 0
39.11 6.27 0
24.58 22.49 1
19.49 29.39 1
27.70 27.91 1
21.63 19.27 1
19.79 28.51 1
20.28 25.83 1
21.75 31.93 1
18.87 22.87 1
19.15 34.06 1
21.15 29.38 1
18.90 22.92 1
13.64 28.24 1
17.78 31.31 1
25.90 32.87 1
25.99 24.96 1
21.75 28.31 1
22.32 27.67 1
17.52 33.44 1
14.60 28.70 1
15.59 27.51 1
16.49 31.20 1
16.97 32.25 1
11.59 28.37 1
23.38 27.20 1
27.44 31.83 1
14.87 29.37 1
20.77 30.32 1
22.46 32.35 1
18.62 29.83 1
18.98 17.20 1
18.17 26.92 1
21.59 23.05 1
24.75 24.89 1
14.74 24.71 1
22.41 24.58 1
16.01 29.48 1
15.96 21.45 1
12.29 29.39 1
19.00 17.41 1
19.74 26.14 1
19.54 26.38 1
21.55 26.76 1
27.37 24.96 1
17.11 26.64 1
13.56 29.86 1
26.65 28.60 1
20.13 25.99 1
21.82 33.33 1
18.60 25.97 1
20.37 21.32 1
17.54 23.04 1
16.23 15.81 1
17.27 21.84 1
20.33 27.82 1
20.48 27.95 1
15.24 28.81 1
17.27 27.88 1
19.25 25.09 1
16.19 32.26 1
13.48 25.49 1
19.06 29.00 1
22.05 26.64 1
21.68 20.09 1
26.11 29.98 1
24.28 24.73 1
13.17 29.63 1
14.85 22.89 1
21.77 31.23 1
29.67 22.99 1
19.79 27.92 1
18.31 24.78 1
31.47 28.44 1
19.13 29.47 1
19.19 22.78 1
29.46 36.58 1
19.48 23.47 1
19.32 26.04 1
20.47 32.13 1
23.99 26.98 1
16.85 32.26 1
18.96 23.59 1
26.30 25.27 1
20.42 27.31 1
9.17 26.45 1
20.42 31.76 1
14.36 30.36 1
13.95 34.03 1
27.59 26.67 1
20.19 20.28 1
22.28 32.06 1
21.82 25.63 1
19.16 27.01 1
26.30 33.07 1
15.74 26.06 1
20.48 18.70 1
13.24 27.27 1
21.97 30.68 1
27.02 26.63 1
16.38 21.88 1
25.43 29.82 1
